método refresh, para:
tanque
km/l



km	date				L		tank	tank	perc	km/l		km		
55273	23,03	brC	$40	5,499	7,275	1	14,28	14,28		6,6		55273		
55326	25,03	brC	$50	5,399	9,261	2	6,24	15,51	53	6,6		55326	8,03	53
55357	13,04	brC	$50	5,399	9,261	3	10,81	20,07	31	6,6		55357	4,70	31
55434	13,04	brC	$50	5,299	9,435	4	8,40	17,84	77	6,6		55434	11,67	77
55492	28,04	brC	$50	5,299	9,435	5	9,05	18,49	58	6,6		55492	8,79	58
55537	28,04	brC	$50	5,299	9,436	6	11,67	21,10	45	6,6		55537	6,82	45
55614	12,05	brC	$30	5,399	5,556	7	9,44	14,99	77	6,6		55614	11,67	77
55642	14,05	brC	$30	5,399	5,557	8	10,75	16,31	28	6,6		55642	4,24	28
55671	21,05	brC	$50	5,399	9,261	9	11,91	21,17	29	6,6		55671	4,39	29

55696

desvio padrão kilometragem = 1

desvio padrão leitura do tanque
analogia de voltímetro
10% do fundo de escala total 40 l
ou seja:
desvio padrão leitura do tanque = 4 


55273
55326
55357
55434
55492
55537
55614
55642
55671

$40
$50
$50
$50
$50
$50
$30
$30
$50

5,499
5,399
5,399
5,299
5,299
5,299
5,399
5,399
5,399

7,275
9,261
9,261
9,435
9,435
9,436
5,556
5,557
9,261

14,28
15,51
20,07
17,84
18,49
21,10
14,99
16,31
21,17

        Scanner x = null;
        try
        {
            x = new Scanner(new File("cars.txt"));
        }
        catch (FileNotFoundException e)
        {
            e.printStackTrace();
        }
